10000;	0,010;	4;	80;	0,01;	0,0;	0;	-5;	
10000;	0,010;	4;	80;	0,02;	0,0;	0;	-10;	
10000;	0,010;	4;	80;	0,03;	0,0;	0;	-16;	
10000;	0,010;	4;	80;	0,04;	0,0;	0;	-21;	
10000;	0,010;	4;	80;	0,05;	0,0;	0;	-26;	
10000;	0,010;	4;	80;	0,06;	0,0;	0;	-31;	
10000;	0,010;	4;	80;	0,07;	0,0;	0;	-35;	
10000;	0,010;	4;	80;	0,08;	0,0;	0;	-40;	
10000;	0,010;	4;	80;	0,09;	0,0;	0;	-45;	
10000;	0,010;	4;	80;	0,10;	0,0;	0;	-51;	
10000;	0,010;	4;	80;	0,11;	0,0;	0;	-55;	
10000;	0,010;	4;	80;	0,12;	0,0;	0;	-61;	
10000;	0,010;	4;	80;	0,13;	0,0;	0;	-66;	
10000;	0,010;	4;	80;	0,14;	0,0;	0;	-71;	
10000;	0,010;	4;	80;	0,15;	0,0;	0;	-77;	
10000;	0,010;	4;	80;	0,16;	0,0;	0;	-82;	
10000;	0,010;	4;	80;	0,17;	0,0;	0;	-87;	
10000;	0,010;	4;	80;	0,18;	0,0;	0;	-92;	
10000;	0,010;	4;	80;	0,19;	0,0;	0;	-97;	
10000;	0,010;	4;	80;	0,2;	0,0;	0;	-102;	
10000;	0,010;	4;	80;	0,21;	0,0;	0;	-107;	
10000;	0,010;	4;	80;	0,22;	0,0;	0;	-112;	
10000;	0,010;	4;	80;	0,23;	0,0;	0;	-118;	
10000;	0,010;	4;	80;	0,24;	0,0;	0;	-122;	
10000;	0,010;	4;	80;	0,25;	0,0;	0;	-127;	
10000;	0,010;	4;	80;	0,26;	0,0;	0;	-132;	
10000;	0,010;	4;	80;	0,27;	0,0;	0;	-137;	
10000;	0,010;	4;	80;	0,28;	0,0;	0;	-142;	
10000;	0,010;	4;	80;	0,29;	0,0;	0;	-147;	
10000;	0,010;	4;	80;	0,3;	0,0;	0;	-152;	
10000;	0,010;	4;	80;	0,31;	0,0;	0;	-158;	
10000;	0,010;	4;	80;	0,32;	0,0;	0;	-162;	
10000;	0,010;	4;	80;	0,33;	0,0;	0;	-168;	
10000;	0,010;	4;	80;	0,34;	0,0;	0;	-173;	
10000;	0,010;	4;	80;	0,35;	0,0;	0;	-178;	
10000;	0,010;	4;	80;	0,36;	0,0;	0;	-183;	
10000;	0,010;	4;	80;	0,37;	0,0;	0;	-188;	
10000;	0,010;	4;	80;	0,38;	0,0;	0;	-193;	
10000;	0,010;	4;	80;	0,39;	0,0;	0;	-199;	
10000;	0,010;	4;	80;	0,4;	0,0;	0;	-204;	
10000;	0,010;	4;	80;	0,41;	0,0;	0;	-209;	
10000;	0,010;	4;	80;	0,42;	0,0;	0;	-213;	
10000;	0,010;	4;	80;	0,43;	0,0;	0;	-219;	
10000;	0,010;	4;	80;	0,44;	0,0;	0;	-224;	
10000;	0,010;	4;	80;	0,45;	0,0;	0;	-229;	
10000;	0,010;	4;	80;	0,46;	0,0;	0;	-234;	
10000;	0,010;	4;	80;	0,47;	0,0;	0;	-240;	
10000;	0,010;	4;	80;	0,48;	0,0;	0;	-245;	
10000;	0,010;	4;	80;	0,49;	0,0;	0;	-251;	
10000;	0,010;	4;	80;	0,5;	0,0;	0;	-256;	
10000;	0,010;	4;	80;	0,51;	0,0;	0;	-260;	
10000;	0,010;	4;	80;	0,52;	0,0;	0;	-266;	
10000;	0,010;	4;	80;	0,53;	0,0;	0;	-271;	
10000;	0,010;	4;	80;	0,54;	0,0;	0;	-276;	
10000;	0,010;	4;	80;	0,55;	0,0;	0;	-281;	
10000;	0,010;	4;	80;	0,56;	0,0;	0;	-286;	
10000;	0,010;	4;	80;	0,57;	0,0;	0;	-291;	
10000;	0,010;	4;	80;	0,58;	0,0;	0;	-297;	
10000;	0,010;	4;	80;	0,59;	0,0;	0;	-302;	
10000;	0,010;	4;	80;	0,6;	0,0;	0;	-307;	
10000;	0,010;	4;	80;	0,61;	0,0;	0;	-312;	
10000;	0,010;	4;	80;	0,62;	0,0;	0;	-317;	
10000;	0,010;	4;	80;	0,63;	0,0;	0;	-322;	
10000;	0,010;	4;	80;	0,64;	0,0;	0;	-326;	
10000;	0,010;	4;	80;	0,65;	0,0;	0;	-331;	
10000;	0,010;	4;	80;	0,66;	0,0;	0;	-336;	
10000;	0,010;	4;	80;	0,67;	0,0;	0;	-341;	
10000;	0,010;	4;	80;	0,68;	0,0;	0;	-347;	
10000;	0,010;	4;	80;	0,69;	0,0;	0;	-352;	
10000;	0,010;	4;	80;	0,7;	0,0;	0;	-357;	
10000;	0,010;	4;	80;	0,71;	0,0;	0;	-362;	
10000;	0,010;	4;	80;	0,72;	0,0;	0;	-367;	
10000;	0,010;	4;	80;	0,73;	0,0;	0;	-372;	
10000;	0,010;	4;	80;	0,74;	0,0;	0;	-377;	
10000;	0,010;	4;	80;	0,75;	0,0;	0;	-382;	
10000;	0,010;	4;	80;	0,76;	0,0;	0;	-388;	
10000;	0,010;	4;	80;	0,77;	0,0;	0;	-393;	
10000;	0,010;	4;	80;	0,78;	0,0;	0;	-398;	
10000;	0,010;	4;	80;	0,79;	0,0;	0;	-404;	
10000;	0,010;	4;	80;	0,8;	0,0;	0;	-409;	
10000;	0,010;	4;	80;	0,81;	0,0;	0;	-414;	
10000;	0,010;	4;	80;	0,82;	0,0;	0;	-419;	
10000;	0,010;	4;	80;	0,83;	0,0;	0;	-425;	
10000;	0,010;	4;	80;	0,84;	0,0;	0;	-430;	
10000;	0,010;	4;	80;	0,85;	0,0;	0;	-435;	
10000;	0,010;	4;	80;	0,86;	0,0;	0;	-440;	
10000;	0,010;	4;	80;	0,870000000000001;	0,0;	0;	-445;	
10000;	0,010;	4;	80;	0,880000000000001;	0,0;	0;	-450;	
10000;	0,010;	4;	80;	0,890000000000001;	0,0;	0;	-455;	
10000;	0,010;	4;	80;	0,900000000000001;	0,0;	0;	-460;	
10000;	0,010;	4;	80;	0,910000000000001;	0,0;	0;	-465;	
10000;	0,010;	4;	80;	0,920000000000001;	0,0;	0;	-470;	
10000;	0,010;	4;	80;	0,930000000000001;	0,0;	0;	-475;	
10000;	0,010;	4;	80;	0,940000000000001;	0,0;	0;	-480;	
10000;	0,010;	4;	80;	0,950000000000001;	0,0;	0;	-485;	
10000;	0,010;	4;	80;	0,960000000000001;	0,0;	0;	-490;	
10000;	0,010;	4;	80;	0,970000000000001;	0,0;	0;	-495;	
10000;	0,010;	4;	80;	0,980000000000001;	0,0;	0;	-500;	
10000;	0,010;	4;	80;	0,990000000000001;	0,0;	0;	-506;	
10000;	0,020;	4;	80;	0,01;	0,0;	0;	-514;	
10000;	0,020;	4;	80;	0,02;	0,0;	0;	-523;	
10000;	0,020;	4;	80;	0,03;	0,0;	0;	-531;	
10000;	0,020;	4;	80;	0,04;	0,0;	0;	-538;	
10000;	0,020;	4;	80;	0,05;	0,0;	0;	-546;	
10000;	0,020;	4;	80;	0,06;	0,0;	0;	-554;	
10000;	0,020;	4;	80;	0,07;	0,0;	0;	-562;	
10000;	0,020;	4;	80;	0,08;	0,0;	0;	-570;	
10000;	0,020;	4;	80;	0,09;	0,0;	0;	-578;	
10000;	0,020;	4;	80;	0,10;	0,0;	0;	-586;	
10000;	0,020;	4;	80;	0,11;	0,0;	0;	-594;	
10000;	0,020;	4;	80;	0,12;	0,0;	0;	-602;	
10000;	0,020;	4;	80;	0,13;	0,0;	0;	-611;	
10000;	0,020;	4;	80;	0,14;	0,0;	0;	-618;	
10000;	0,020;	4;	80;	0,15;	0,0;	0;	-626;	
10000;	0,020;	4;	80;	0,16;	0,0;	0;	-634;	
10000;	0,020;	4;	80;	0,17;	0,0;	0;	-642;	
10000;	0,020;	4;	80;	0,18;	0,0;	0;	-651;	
10000;	0,020;	4;	80;	0,19;	0,0;	0;	-659;	
10000;	0,020;	4;	80;	0,2;	0,0;	0;	-668;	
10000;	0,020;	4;	80;	0,21;	0,0;	0;	-675;	
10000;	0,020;	4;	80;	0,22;	0,0;	0;	-683;	
10000;	0,020;	4;	80;	0,23;	0,0;	0;	-691;	
10000;	0,020;	4;	80;	0,24;	0,0;	0;	-698;	
10000;	0,020;	4;	80;	0,25;	0,0;	0;	-707;	
10000;	0,020;	4;	80;	0,26;	0,0;	0;	-715;	
10000;	0,020;	4;	80;	0,27;	0,0;	0;	-723;	
10000;	0,020;	4;	80;	0,28;	0,0;	0;	-731;	
10000;	0,020;	4;	80;	0,29;	0,0;	0;	-739;	
10000;	0,020;	4;	80;	0,3;	0,0;	0;	-748;	
10000;	0,020;	4;	80;	0,31;	0,0;	0;	-755;	
10000;	0,020;	4;	80;	0,32;	0,0;	0;	-764;	
10000;	0,020;	4;	80;	0,33;	0,0;	0;	-771;	
10000;	0,020;	4;	80;	0,34;	0,0;	0;	-779;	
10000;	0,020;	4;	80;	0,35;	0,0;	0;	-787;	
10000;	0,020;	4;	80;	0,36;	0,0;	0;	-795;	
10000;	0,020;	4;	80;	0,37;	0,0;	0;	-803;	
10000;	0,020;	4;	80;	0,38;	0,0;	0;	-811;	
10000;	0,020;	4;	80;	0,39;	0,0;	0;	-819;	
10000;	0,020;	4;	80;	0,4;	0,0;	0;	-827;	
10000;	0,020;	4;	80;	0,41;	0,0;	0;	-835;	
10000;	0,020;	4;	80;	0,42;	0,0;	0;	-843;	
10000;	0,020;	4;	80;	0,43;	0,0;	0;	-851;	
10000;	0,020;	4;	80;	0,44;	0,0;	0;	-859;	
10000;	0,020;	4;	80;	0,45;	0,0;	0;	-868;	
10000;	0,020;	4;	80;	0,46;	0,0;	0;	-876;	
10000;	0,020;	4;	80;	0,47;	0,0;	0;	-884;	
10000;	0,020;	4;	80;	0,48;	0,0;	0;	-892;	
10000;	0,020;	4;	80;	0,49;	0,0;	0;	-899;	
10000;	0,020;	4;	80;	0,5;	0,0;	0;	-907;	
10000;	0,020;	4;	80;	0,51;	0,0;	0;	-915;	
10000;	0,020;	4;	80;	0,52;	0,0;	0;	-924;	
10000;	0,020;	4;	80;	0,53;	0,0;	0;	-932;	
10000;	0,020;	4;	80;	0,54;	0,0;	0;	-940;	
10000;	0,020;	4;	80;	0,55;	0,0;	0;	-949;	
10000;	0,020;	4;	80;	0,56;	0,0;	0;	-957;	
10000;	0,020;	4;	80;	0,57;	0,0;	0;	-965;	
10000;	0,020;	4;	80;	0,58;	0,0;	0;	-973;	
10000;	0,020;	4;	80;	0,59;	0,0;	0;	-981;	
10000;	0,020;	4;	80;	0,6;	0,0;	0;	-989;	
10000;	0,020;	4;	80;	0,61;	0,0;	0;	-997;	
10000;	0,020;	4;	80;	0,62;	0,0;	0;	-1005;	
10000;	0,020;	4;	80;	0,63;	0,0;	0;	-1013;	
10000;	0,020;	4;	80;	0,64;	0,0;	0;	-1021;	
10000;	0,020;	4;	80;	0,65;	0,0;	0;	-1028;	
10000;	0,020;	4;	80;	0,66;	0,0;	0;	-1036;	
10000;	0,020;	4;	80;	0,67;	0,0;	0;	-1044;	
10000;	0,020;	4;	80;	0,68;	0,0;	0;	-1052;	
10000;	0,020;	4;	80;	0,69;	0,0;	0;	-1060;	
10000;	0,020;	4;	80;	0,7;	0,0;	0;	-1068;	
10000;	0,020;	4;	80;	0,71;	0,0;	0;	-1077;	
10000;	0,020;	4;	80;	0,72;	0,0;	0;	-1085;	
10000;	0,020;	4;	80;	0,73;	0,0;	0;	-1093;	
10000;	0,020;	4;	80;	0,74;	0,0;	0;	-1101;	
10000;	0,020;	4;	80;	0,75;	0,0;	0;	-1109;	
10000;	0,020;	4;	80;	0,76;	0,0;	0;	-1117;	
10000;	0,020;	4;	80;	0,77;	0,0;	0;	-1124;	
10000;	0,020;	4;	80;	0,78;	0,0;	0;	-1132;	
10000;	0,020;	4;	80;	0,79;	0,0;	0;	-1141;	
10000;	0,020;	4;	80;	0,8;	0,0;	0;	-1149;	
10000;	0,020;	4;	80;	0,81;	0,0;	0;	-1158;	
10000;	0,020;	4;	80;	0,82;	0,0;	0;	-1165;	
10000;	0,020;	4;	80;	0,83;	0,0;	0;	-1173;	
10000;	0,020;	4;	80;	0,84;	0,0;	0;	-1181;	
10000;	0,020;	4;	80;	0,85;	0,0;	0;	-1188;	
10000;	0,020;	4;	80;	0,86;	0,0;	0;	-1196;	
10000;	0,020;	4;	80;	0,870000000000001;	0,0;	0;	-1205;	
10000;	0,020;	4;	80;	0,880000000000001;	0,0;	0;	-1213;	
10000;	0,020;	4;	80;	0,890000000000001;	0,0;	0;	-1221;	
10000;	0,020;	4;	80;	0,900000000000001;	0,0;	0;	-1230;	
10000;	0,020;	4;	80;	0,910000000000001;	0,0;	0;	-1238;	
10000;	0,020;	4;	80;	0,920000000000001;	0,0;	0;	-1245;	
10000;	0,020;	4;	80;	0,930000000000001;	0,0;	0;	-1253;	
10000;	0,020;	4;	80;	0,940000000000001;	0,0;	0;	-1261;	
10000;	0,020;	4;	80;	0,950000000000001;	0,0;	0;	-1269;	
10000;	0,020;	4;	80;	0,960000000000001;	0,0;	0;	-1277;	
10000;	0,020;	4;	80;	0,970000000000001;	0,0;	0;	-1285;	
10000;	0,020;	4;	80;	0,980000000000001;	0,0;	0;	-1293;	
10000;	0,020;	4;	80;	0,990000000000001;	0,0;	0;	-1301;	
10000;	0,030;	4;	80;	0,01;	0,0;	0;	-1311;	
10000;	0,030;	4;	80;	0,02;	0,0;	0;	-1321;	
10000;	0,030;	4;	80;	0,03;	0,0;	0;	-1331;	
10000;	0,030;	4;	80;	0,04;	0,0;	0;	-1341;	
10000;	0,030;	4;	80;	0,05;	0,0;	0;	-1351;	
10000;	0,030;	4;	80;	0,06;	0,0;	0;	-1362;	
10000;	0,030;	4;	80;	0,07;	0,0;	0;	-1373;	
10000;	0,030;	4;	80;	0,08;	0,0;	0;	-1383;	
10000;	0,030;	4;	80;	0,09;	0,0;	0;	-1394;	
10000;	0,030;	4;	80;	0,10;	0,0;	0;	-1404;	
10000;	0,030;	4;	80;	0,11;	0,0;	0;	-1415;	
10000;	0,030;	4;	80;	0,12;	0,0;	0;	-1426;	
10000;	0,030;	4;	80;	0,13;	0,0;	0;	-1437;	
10000;	0,030;	4;	80;	0,14;	0,0;	0;	-1448;	
10000;	0,030;	4;	80;	0,15;	0,0;	0;	-1458;	
10000;	0,030;	4;	80;	0,16;	0,0;	0;	-1468;	
10000;	0,030;	4;	80;	0,17;	0,0;	0;	-1479;	
10000;	0,030;	4;	80;	0,18;	0,0;	0;	-1489;	
10000;	0,030;	4;	80;	0,19;	0,0;	0;	-1500;	
10000;	0,030;	4;	80;	0,2;	0,0;	0;	-1511;	
10000;	0,030;	4;	80;	0,21;	0,0;	0;	-1522;	
10000;	0,030;	4;	80;	0,22;	0,0;	0;	-1532;	
10000;	0,030;	4;	80;	0,23;	0,0;	0;	-1543;	
10000;	0,030;	4;	80;	0,24;	0,0;	0;	-1553;	
10000;	0,030;	4;	80;	0,25;	0,0;	0;	-1564;	
10000;	0,030;	4;	80;	0,26;	0,0;	0;	-1574;	
10000;	0,030;	4;	80;	0,27;	0,0;	0;	-1585;	
10000;	0,030;	4;	80;	0,28;	0,0;	0;	-1595;	
10000;	0,030;	4;	80;	0,29;	0,0;	0;	-1606;	
10000;	0,030;	4;	80;	0,3;	0,0;	0;	-1616;	
10000;	0,030;	4;	80;	0,31;	0,0;	0;	-1627;	
10000;	0,030;	4;	80;	0,32;	0,0;	0;	-1638;	
10000;	0,030;	4;	80;	0,33;	0,0;	0;	-1648;	
10000;	0,030;	4;	80;	0,34;	0,0;	0;	-1659;	
10000;	0,030;	4;	80;	0,35;	0,0;	0;	-1669;	
10000;	0,030;	4;	80;	0,36;	0,0;	0;	-1680;	
10000;	0,030;	4;	80;	0,37;	0,0;	0;	-1691;	
10000;	0,030;	4;	80;	0,38;	0,0;	0;	-1701;	
10000;	0,030;	4;	80;	0,39;	0,0;	0;	-1712;	
10000;	0,030;	4;	80;	0,4;	0,0;	0;	-1723;	
10000;	0,030;	4;	80;	0,41;	0,0;	0;	-1734;	
10000;	0,030;	4;	80;	0,42;	0,0;	0;	-1745;	
10000;	0,030;	4;	80;	0,43;	0,0;	0;	-1755;	
10000;	0,030;	4;	80;	0,44;	0,0;	0;	-1766;	
10000;	0,030;	4;	80;	0,45;	0,0;	0;	-1777;	
10000;	0,030;	4;	80;	0,46;	0,0;	0;	-1788;	
10000;	0,030;	4;	80;	0,47;	0,0;	0;	-1799;	
10000;	0,030;	4;	80;	0,48;	0,0;	0;	-1809;	
10000;	0,030;	4;	80;	0,49;	0,0;	0;	-1819;	
10000;	0,030;	4;	80;	0,5;	0,0;	0;	-1830;	
10000;	0,030;	4;	80;	0,51;	0,0;	0;	-1840;	
10000;	0,030;	4;	80;	0,52;	0,0;	0;	-1851;	
10000;	0,030;	4;	80;	0,53;	0,0;	0;	-1861;	
10000;	0,030;	4;	80;	0,54;	0,0;	0;	-1872;	
10000;	0,030;	4;	80;	0,55;	0,0;	0;	-1883;	
10000;	0,030;	4;	80;	0,56;	0,0;	0;	-1893;	
10000;	0,030;	4;	80;	0,57;	0,0;	0;	-1904;	
10000;	0,030;	4;	80;	0,58;	0,0;	0;	-1915;	
10000;	0,030;	4;	80;	0,59;	0,0;	0;	-1925;	
10000;	0,030;	4;	80;	0,6;	0,0;	0;	-1936;	
10000;	0,030;	4;	80;	0,61;	0,0;	0;	-1947;	
10000;	0,030;	4;	80;	0,62;	0,0;	0;	-1957;	
10000;	0,030;	4;	80;	0,63;	0,0;	0;	-1967;	
10000;	0,030;	4;	80;	0,64;	0,0;	0;	-1977;	
10000;	0,030;	4;	80;	0,65;	0,0;	0;	-1988;	
10000;	0,030;	4;	80;	0,66;	0,0;	0;	-1999;	
10000;	0,030;	4;	80;	0,67;	0,0;	0;	-2010;	
10000;	0,030;	4;	80;	0,68;	0,0;	0;	-2020;	
10000;	0,030;	4;	80;	0,69;	0,0;	0;	-2031;	
10000;	0,030;	4;	80;	0,7;	0,0;	0;	-2041;	
10000;	0,030;	4;	80;	0,71;	0,0;	0;	-2051;	
10000;	0,030;	4;	80;	0,72;	0,0;	0;	-2063;	
10000;	0,030;	4;	80;	0,73;	0,0;	0;	-2074;	
10000;	0,030;	4;	80;	0,74;	0,0;	0;	-2084;	
10000;	0,030;	4;	80;	0,75;	0,0;	0;	-2094;	
10000;	0,030;	4;	80;	0,76;	0,0;	0;	-2105;	
10000;	0,030;	4;	80;	0,77;	0,0;	0;	-2116;	
10000;	0,030;	4;	80;	0,78;	0,0;	0;	-2126;	
10000;	0,030;	4;	80;	0,79;	0,0;	0;	-2137;	
10000;	0,030;	4;	80;	0,8;	0,0;	0;	-2148;	
10000;	0,030;	4;	80;	0,81;	0,0;	0;	-2158;	
10000;	0,030;	4;	80;	0,82;	0,0;	0;	-2169;	
10000;	0,030;	4;	80;	0,83;	0,0;	0;	-2179;	
10000;	0,030;	4;	80;	0,84;	0,0;	0;	-2190;	
10000;	0,030;	4;	80;	0,85;	0,0;	0;	-2201;	
10000;	0,030;	4;	80;	0,86;	0,0;	0;	-2212;	
10000;	0,030;	4;	80;	0,870000000000001;	0,0;	0;	-2223;	
10000;	0,030;	4;	80;	0,880000000000001;	0,0;	0;	-2233;	
10000;	0,030;	4;	80;	0,890000000000001;	0,0;	0;	-2244;	
10000;	0,030;	4;	80;	0,900000000000001;	0,0;	0;	-2255;	
10000;	0,030;	4;	80;	0,910000000000001;	0,0;	0;	-2265;	
10000;	0,030;	4;	80;	0,920000000000001;	0,0;	0;	-2276;	
10000;	0,030;	4;	80;	0,930000000000001;	0,0;	0;	-2287;	
10000;	0,030;	4;	80;	0,940000000000001;	0,0;	0;	-2297;	
10000;	0,030;	4;	80;	0,950000000000001;	0,0;	0;	-2307;	
10000;	0,030;	4;	80;	0,960000000000001;	0,0;	0;	-2318;	
10000;	0,030;	4;	80;	0,970000000000001;	0,0;	0;	-2329;	
10000;	0,030;	4;	80;	0,980000000000001;	0,0;	0;	-2340;	
10000;	0,030;	4;	80;	0,990000000000001;	0,0;	0;	-2350;	
10000;	0,040;	4;	80;	0,01;	0,0;	0;	-2363;	
10000;	0,040;	4;	80;	0,02;	0,0;	0;	-2375;	
10000;	0,040;	4;	80;	0,03;	0,0;	0;	-2388;	
10000;	0,040;	4;	80;	0,04;	0,0;	0;	-2400;	
10000;	0,040;	4;	80;	0,05;	0,0;	0;	-2412;	
10000;	0,040;	4;	80;	0,06;	0,0;	0;	-2425;	
10000;	0,040;	4;	80;	0,07;	0,0;	0;	-2438;	
10000;	0,040;	4;	80;	0,08;	0,0;	0;	-2451;	
10000;	0,040;	4;	80;	0,09;	0,0;	0;	-2464;	
10000;	0,040;	4;	80;	0,10;	0,0;	0;	-2477;	
10000;	0,040;	4;	80;	0,11;	0,0;	0;	-2489;	
10000;	0,040;	4;	80;	0,12;	0,0;	0;	-2501;	
10000;	0,040;	4;	80;	0,13;	0,0;	0;	-2513;	
10000;	0,040;	4;	80;	0,14;	0,0;	0;	-2526;	
10000;	0,040;	4;	80;	0,15;	0,0;	0;	-2538;	
10000;	0,040;	4;	80;	0,16;	0,0;	0;	-2551;	
10000;	0,040;	4;	80;	0,17;	0,0;	0;	-2564;	
10000;	0,040;	4;	80;	0,18;	0,0;	0;	-2577;	
10000;	0,040;	4;	80;	0,19;	0,0;	0;	-2589;	
10000;	0,040;	4;	80;	0,2;	0,0;	0;	-2602;	
10000;	0,040;	4;	80;	0,21;	0,0;	0;	-2614;	
10000;	0,040;	4;	80;	0,22;	0,0;	0;	-2627;	
10000;	0,040;	4;	80;	0,23;	0,0;	0;	-2640;	
10000;	0,040;	4;	80;	0,24;	0,0;	0;	-2653;	
10000;	0,040;	4;	80;	0,25;	0,0;	0;	-2665;	
10000;	0,040;	4;	80;	0,26;	0,0;	0;	-2677;	
10000;	0,040;	4;	80;	0,27;	0,0;	0;	-2690;	
10000;	0,040;	4;	80;	0,28;	0,0;	0;	-2703;	
10000;	0,040;	4;	80;	0,29;	0,0;	0;	-2716;	
10000;	0,040;	4;	80;	0,3;	0,0;	0;	-2729;	
10000;	0,040;	4;	80;	0,31;	0,0;	0;	-2741;	
10000;	0,040;	4;	80;	0,32;	0,0;	0;	-2754;	
10000;	0,040;	4;	80;	0,33;	0,0;	0;	-2767;	
10000;	0,040;	4;	80;	0,34;	0,0;	0;	-2780;	
10000;	0,040;	4;	80;	0,35;	0,0;	0;	-2793;	
10000;	0,040;	4;	80;	0,36;	0,0;	0;	-2805;	
10000;	0,040;	4;	80;	0,37;	0,0;	0;	-2818;	
10000;	0,040;	4;	80;	0,38;	0,0;	0;	-2830;	
10000;	0,040;	4;	80;	0,39;	0,0;	0;	-2843;	
10000;	0,040;	4;	80;	0,4;	0,0;	0;	-2856;	
10000;	0,040;	4;	80;	0,41;	0,0;	0;	-2869;	
10000;	0,040;	4;	80;	0,42;	0,0;	0;	-2881;	
10000;	0,040;	4;	80;	0,43;	0,0;	0;	-2894;	
10000;	0,040;	4;	80;	0,44;	0,0;	0;	-2907;	
10000;	0,040;	4;	80;	0,45;	0,0;	0;	-2919;	
10000;	0,040;	4;	80;	0,46;	0,0;	0;	-2932;	
10000;	0,040;	4;	80;	0,47;	0,0;	0;	-2945;	
10000;	0,040;	4;	80;	0,48;	0,0;	0;	-2957;	
10000;	0,040;	4;	80;	0,49;	0,0;	0;	-2969;	
10000;	0,040;	4;	80;	0,5;	0,0;	0;	-2983;	
10000;	0,040;	4;	80;	0,51;	0,0;	0;	-2996;	
10000;	0,040;	4;	80;	0,52;	0,0;	0;	-3008;	
10000;	0,040;	4;	80;	0,53;	0,0;	0;	-3021;	
10000;	0,040;	4;	80;	0,54;	0,0;	0;	-3033;	
10000;	0,040;	4;	80;	0,55;	0,0;	0;	-3045;	
10000;	0,040;	4;	80;	0,56;	0,0;	0;	-3057;	
10000;	0,040;	4;	80;	0,57;	0,0;	0;	-3070;	
10000;	0,040;	4;	80;	0,58;	0,0;	0;	-3083;	
10000;	0,040;	4;	80;	0,59;	0,0;	0;	-3095;	
10000;	0,040;	4;	80;	0,6;	0,0;	0;	-3108;	
10000;	0,040;	4;	80;	0,61;	0,0;	0;	-3121;	
10000;	0,040;	4;	80;	0,62;	0,0;	0;	-3133;	
10000;	0,040;	4;	80;	0,63;	0,0;	0;	-3146;	
10000;	0,040;	4;	80;	0,64;	0,0;	0;	-3158;	
10000;	0,040;	4;	80;	0,65;	0,0;	0;	-3171;	
10000;	0,040;	4;	80;	0,66;	0,0;	0;	-3184;	
10000;	0,040;	4;	80;	0,67;	0,0;	0;	-3197;	
10000;	0,040;	4;	80;	0,68;	0,0;	0;	-3210;	
10000;	0,040;	4;	80;	0,69;	0,0;	0;	-3222;	
10000;	0,040;	4;	80;	0,7;	0,0;	0;	-3235;	
10000;	0,040;	4;	80;	0,71;	0,0;	0;	-3247;	
10000;	0,040;	4;	80;	0,72;	0,0;	0;	-3259;	
10000;	0,040;	4;	80;	0,73;	0,0;	0;	-3272;	
10000;	0,040;	4;	80;	0,74;	0,0;	0;	-3285;	
10000;	0,040;	4;	80;	0,75;	0,0;	0;	-3298;	
10000;	0,040;	4;	80;	0,76;	0,0;	0;	-3311;	
10000;	0,040;	4;	80;	0,77;	0,0;	0;	-3324;	
10000;	0,040;	4;	80;	0,78;	0,0;	0;	-3337;	
10000;	0,040;	4;	80;	0,79;	0,0;	0;	-3350;	
10000;	0,040;	4;	80;	0,8;	0,0;	0;	-3363;	
10000;	0,040;	4;	80;	0,81;	0,0;	0;	-3374;	
10000;	0,040;	4;	80;	0,82;	0,0;	0;	-3387;	
10000;	0,040;	4;	80;	0,83;	0,0;	0;	-3399;	
10000;	0,040;	4;	80;	0,84;	0,0;	0;	-3411;	
10000;	0,040;	4;	80;	0,85;	0,0;	0;	-3424;	
10000;	0,040;	4;	80;	0,86;	0,0;	0;	-3437;	
10000;	0,040;	4;	80;	0,870000000000001;	0,0;	0;	-3450;	
10000;	0,040;	4;	80;	0,880000000000001;	0,0;	0;	-3462;	
10000;	0,040;	4;	80;	0,890000000000001;	0,0;	0;	-3476;	
10000;	0,040;	4;	80;	0,900000000000001;	0,0;	0;	-3489;	
10000;	0,040;	4;	80;	0,910000000000001;	0,0;	0;	-3501;	
10000;	0,040;	4;	80;	0,920000000000001;	0,0;	0;	-3514;	
10000;	0,040;	4;	80;	0,930000000000001;	0,0;	0;	-3527;	
10000;	0,040;	4;	80;	0,940000000000001;	0,0;	0;	-3540;	
10000;	0,040;	4;	80;	0,950000000000001;	0,0;	0;	-3552;	
10000;	0,040;	4;	80;	0,960000000000001;	0,0;	0;	-3565;	
10000;	0,040;	4;	80;	0,970000000000001;	0,0;	0;	-3577;	
10000;	0,040;	4;	80;	0,980000000000001;	0,0;	0;	-3589;	
10000;	0,040;	4;	80;	0,990000000000001;	0,0;	0;	-3602;	
10000;	0,050;	4;	80;	0,01;	0,0;	0;	-3616;	
10000;	0,050;	4;	80;	0,02;	0,0;	0;	-3631;	
10000;	0,050;	4;	80;	0,03;	0,0;	0;	-3646;	
10000;	0,050;	4;	80;	0,04;	0,0;	0;	-3660;	
10000;	0,050;	4;	80;	0,05;	0,0;	0;	-3674;	
10000;	0,050;	4;	80;	0,06;	0,0;	0;	-3689;	
10000;	0,050;	4;	80;	0,07;	0,0;	0;	-3704;	
10000;	0,050;	4;	80;	0,08;	0,0;	0;	-3718;	
10000;	0,050;	4;	80;	0,09;	0,0;	0;	-3733;	
10000;	0,050;	4;	80;	0,10;	0,0;	0;	-3746;	
10000;	0,050;	4;	80;	0,11;	0,0;	0;	-3760;	
10000;	0,050;	4;	80;	0,12;	0,0;	0;	-3775;	
10000;	0,050;	4;	80;	0,13;	0,0;	0;	-3789;	
10000;	0,050;	4;	80;	0,14;	0,0;	0;	-3803;	
10000;	0,050;	4;	80;	0,15;	0,0;	0;	-3817;	
10000;	0,050;	4;	80;	0,16;	0,0;	0;	-3832;	
10000;	0,050;	4;	80;	0,17;	0,0;	0;	-3847;	
10000;	0,050;	4;	80;	0,18;	0,0;	0;	-3862;	
10000;	0,050;	4;	80;	0,19;	0,0;	0;	-3876;	
10000;	0,050;	4;	80;	0,2;	0,0;	0;	-3892;	
10000;	0,050;	4;	80;	0,21;	0,0;	0;	-3906;	
10000;	0,050;	4;	80;	0,22;	0,0;	0;	-3921;	
10000;	0,050;	4;	80;	0,23;	0,0;	0;	-3935;	
10000;	0,050;	4;	80;	0,24;	0,0;	0;	-3949;	
10000;	0,050;	4;	80;	0,25;	0,0;	0;	-3963;	
10000;	0,050;	4;	80;	0,26;	0,0;	0;	-3978;	
10000;	0,050;	4;	80;	0,27;	0,0;	0;	-3993;	
10000;	0,050;	4;	80;	0,28;	0,0;	0;	-4007;	
10000;	0,050;	4;	80;	0,29;	0,0;	0;	-4021;	
10000;	0,050;	4;	80;	0,3;	0,0;	0;	-4035;	
10000;	0,050;	4;	80;	0,31;	0,0;	0;	-4050;	
10000;	0,050;	4;	80;	0,32;	0,0;	0;	-4064;	
10000;	0,050;	4;	80;	0,33;	0,0;	0;	-4078;	
10000;	0,050;	4;	80;	0,34;	0,0;	0;	-4092;	
10000;	0,050;	4;	80;	0,35;	0,0;	0;	-4106;	
10000;	0,050;	4;	80;	0,36;	0,0;	0;	-4121;	
10000;	0,050;	4;	80;	0,37;	0,0;	0;	-4137;	
10000;	0,050;	4;	80;	0,38;	0,0;	0;	-4151;	
10000;	0,050;	4;	80;	0,39;	0,0;	0;	-4166;	
10000;	0,050;	4;	80;	0,4;	0,0;	0;	-4180;	
10000;	0,050;	4;	80;	0,41;	0,0;	0;	-4195;	
10000;	0,050;	4;	80;	0,42;	0,0;	0;	-4210;	
10000;	0,050;	4;	80;	0,43;	0,0;	0;	-4224;	
10000;	0,050;	4;	80;	0,44;	0,0;	0;	-4238;	
10000;	0,050;	4;	80;	0,45;	0,0;	0;	-4253;	
10000;	0,050;	4;	80;	0,46;	0,0;	0;	-4268;	
10000;	0,050;	4;	80;	0,47;	0,0;	0;	-4282;	
10000;	0,050;	4;	80;	0,48;	0,0;	0;	-4295;	
10000;	0,050;	4;	80;	0,49;	0,0;	0;	-4309;	
10000;	0,050;	4;	80;	0,5;	0,0;	0;	-4324;	
10000;	0,050;	4;	80;	0,51;	0,0;	0;	-4339;	
10000;	0,050;	4;	80;	0,52;	0,0;	0;	-4353;	
10000;	0,050;	4;	80;	0,53;	0,0;	0;	-4368;	
10000;	0,050;	4;	80;	0,54;	0,0;	0;	-4382;	
10000;	0,050;	4;	80;	0,55;	0,0;	0;	-4396;	
10000;	0,050;	4;	80;	0,56;	0,0;	0;	-4411;	
10000;	0,050;	4;	80;	0,57;	0,0;	0;	-4424;	
10000;	0,050;	4;	80;	0,58;	0,0;	0;	-4439;	
10000;	0,050;	4;	80;	0,59;	0,0;	0;	-4453;	
10000;	0,050;	4;	80;	0,6;	0,0;	0;	-4467;	
10000;	0,050;	4;	80;	0,61;	0,0;	0;	-4481;	
10000;	0,050;	4;	80;	0,62;	0,0;	0;	-4495;	
10000;	0,050;	4;	80;	0,63;	0,0;	0;	-4510;	
10000;	0,050;	4;	80;	0,64;	0,0;	0;	-4524;	
10000;	0,050;	4;	80;	0,65;	0,0;	0;	-4538;	
10000;	0,050;	4;	80;	0,66;	0,0;	0;	-4553;	
10000;	0,050;	4;	80;	0,67;	0,0;	0;	-4568;	
10000;	0,050;	4;	80;	0,68;	0,0;	0;	-4582;	
10000;	0,050;	4;	80;	0,69;	0,0;	0;	-4596;	
10000;	0,050;	4;	80;	0,7;	0,0;	0;	-4611;	
10000;	0,050;	4;	80;	0,71;	0,0;	0;	-4626;	
10000;	0,050;	4;	80;	0,72;	0,0;	0;	-4640;	
10000;	0,050;	4;	80;	0,73;	0,0;	0;	-4654;	
10000;	0,050;	4;	80;	0,74;	0,0;	0;	-4668;	
10000;	0,050;	4;	80;	0,75;	0,0;	0;	-4682;	
10000;	0,050;	4;	80;	0,76;	0,0;	0;	-4697;	
10000;	0,050;	4;	80;	0,77;	0,0;	0;	-4712;	
10000;	0,050;	4;	80;	0,78;	0,0;	0;	-4726;	
10000;	0,050;	4;	80;	0,79;	0,0;	0;	-4739;	
10000;	0,050;	4;	80;	0,8;	0,0;	0;	-4755;	
10000;	0,050;	4;	80;	0,81;	0,0;	0;	-4768;	
10000;	0,050;	4;	80;	0,82;	0,0;	0;	-4783;	
10000;	0,050;	4;	80;	0,83;	0,0;	0;	-4798;	
10000;	0,050;	4;	80;	0,84;	0,0;	0;	-4813;	
10000;	0,050;	4;	80;	0,85;	0,0;	0;	-4828;	
10000;	0,050;	4;	80;	0,86;	0,0;	0;	-4843;	
10000;	0,050;	4;	80;	0,870000000000001;	0,0;	0;	-4856;	
10000;	0,050;	4;	80;	0,880000000000001;	0,0;	0;	-4871;	
10000;	0,050;	4;	80;	0,890000000000001;	0,0;	0;	-4884;	
10000;	0,050;	4;	80;	0,900000000000001;	0,0;	0;	-4899;	
10000;	0,050;	4;	80;	0,910000000000001;	0,0;	0;	-4913;	
10000;	0,050;	4;	80;	0,920000000000001;	0,0;	0;	-4928;	
10000;	0,050;	4;	80;	0,930000000000001;	0,0;	0;	-4942;	
10000;	0,050;	4;	80;	0,940000000000001;	0,0;	0;	-4957;	
10000;	0,050;	4;	80;	0,950000000000001;	0,0;	0;	-4972;	
10000;	0,050;	4;	80;	0,960000000000001;	0,0;	0;	-4986;	
10000;	0,050;	4;	80;	0,970000000000001;	0,0;	0;	-4999;	
10000;	0,050;	4;	80;	0,980000000000001;	0,0;	0;	-5014;	
10000;	0,050;	4;	80;	0,990000000000001;	0,0;	0;	-5028;	
10000;	0,060;	4;	80;	0,01;	0,0;	0;	-5044;	
10000;	0,060;	4;	80;	0,02;	0,0;	0;	-5061;	
10000;	0,060;	4;	80;	0,03;	0,0;	0;	-5076;	
10000;	0,060;	4;	80;	0,04;	0,0;	0;	-5092;	
10000;	0,060;	4;	80;	0,05;	0,0;	0;	-5108;	
10000;	0,060;	4;	80;	0,06;	0,0;	0;	-5124;	
10000;	0,060;	4;	80;	0,07;	0,0;	0;	-5140;	
10000;	0,060;	4;	80;	0,08;	0,0;	0;	-5155;	
10000;	0,060;	4;	80;	0,09;	0,0;	0;	-5172;	
10000;	0,060;	4;	80;	0,10;	0,0;	0;	-5188;	
10000;	0,060;	4;	80;	0,11;	0,0;	0;	-5204;	
10000;	0,060;	4;	80;	0,12;	0,0;	0;	-5220;	
10000;	0,060;	4;	80;	0,13;	0,0;	0;	-5235;	
10000;	0,060;	4;	80;	0,14;	0,0;	0;	-5251;	
10000;	0,060;	4;	80;	0,15;	0,0;	0;	-5266;	
10000;	0,060;	4;	80;	0,16;	0,0;	0;	-5283;	
10000;	0,060;	4;	80;	0,17;	0,0;	0;	-5298;	
10000;	0,060;	4;	80;	0,18;	0,0;	0;	-5313;	
10000;	0,060;	4;	80;	0,19;	0,0;	0;	-5329;	
10000;	0,060;	4;	80;	0,2;	0,0;	0;	-5345;	
10000;	0,060;	4;	80;	0,21;	0,0;	0;	-5361;	
10000;	0,060;	4;	80;	0,22;	0,0;	0;	-5376;	
10000;	0,060;	4;	80;	0,23;	0,0;	0;	-5391;	
10000;	0,060;	4;	80;	0,24;	0,0;	0;	-5407;	
10000;	0,060;	4;	80;	0,25;	0,0;	0;	-5422;	
10000;	0,060;	4;	80;	0,26;	0,0;	0;	-5437;	
10000;	0,060;	4;	80;	0,27;	0,0;	0;	-5452;	
10000;	0,060;	4;	80;	0,28;	0,0;	0;	-5469;	
10000;	0,060;	4;	80;	0,29;	0,0;	0;	-5486;	
10000;	0,060;	4;	80;	0,3;	0,0;	0;	-5501;	
10000;	0,060;	4;	80;	0,31;	0,0;	0;	-5516;	
10000;	0,060;	4;	80;	0,32;	0,0;	0;	-5532;	
10000;	0,060;	4;	80;	0,33;	0,0;	0;	-5548;	
10000;	0,060;	4;	80;	0,34;	0,0;	0;	-5565;	
10000;	0,060;	4;	80;	0,35;	0,0;	0;	-5581;	
10000;	0,060;	4;	80;	0,36;	0,0;	0;	-5597;	
10000;	0,060;	4;	80;	0,37;	0,0;	0;	-5613;	
10000;	0,060;	4;	80;	0,38;	0,0;	0;	-5629;	
10000;	0,060;	4;	80;	0,39;	0,0;	0;	-5645;	
10000;	0,060;	4;	80;	0,4;	0,0;	0;	-5661;	
10000;	0,060;	4;	80;	0,41;	0,0;	0;	-5677;	
10000;	0,060;	4;	80;	0,42;	0,0;	0;	-5693;	
10000;	0,060;	4;	80;	0,43;	0,0;	0;	-5709;	
10000;	0,060;	4;	80;	0,44;	0,0;	0;	-5725;	
10000;	0,060;	4;	80;	0,45;	0,0;	0;	-5741;	
10000;	0,060;	4;	80;	0,46;	0,0;	0;	-5758;	
10000;	0,060;	4;	80;	0,47;	0,0;	0;	-5774;	
10000;	0,060;	4;	80;	0,48;	0,0;	0;	-5789;	
10000;	0,060;	4;	80;	0,49;	0,0;	0;	-5805;	
10000;	0,060;	4;	80;	0,5;	0,0;	0;	-5821;	
10000;	0,060;	4;	80;	0,51;	0,0;	0;	-5837;	
10000;	0,060;	4;	80;	0,52;	0,0;	0;	-5854;	
10000;	0,060;	4;	80;	0,53;	0,0;	0;	-5870;	
10000;	0,060;	4;	80;	0,54;	0,0;	0;	-5886;	
10000;	0,060;	4;	80;	0,55;	0,0;	0;	-5901;	
10000;	0,060;	4;	80;	0,56;	0,0;	0;	-5918;	
10000;	0,060;	4;	80;	0,57;	0,0;	0;	-5933;	
10000;	0,060;	4;	80;	0,58;	0,0;	0;	-5948;	
10000;	0,060;	4;	80;	0,59;	0,0;	0;	-5964;	
10000;	0,060;	4;	80;	0,6;	0,0;	0;	-5981;	
10000;	0,060;	4;	80;	0,61;	0,0;	0;	-5996;	
10000;	0,060;	4;	80;	0,62;	0,0;	0;	-6012;	
10000;	0,060;	4;	80;	0,63;	0,0;	0;	-6028;	
10000;	0,060;	4;	80;	0,64;	0,0;	0;	-6044;	
10000;	0,060;	4;	80;	0,65;	0,0;	0;	-6060;	
10000;	0,060;	4;	80;	0,66;	0,0;	0;	-6076;	
10000;	0,060;	4;	80;	0,67;	0,0;	0;	-6092;	
10000;	0,060;	4;	80;	0,68;	0,0;	0;	-6108;	
10000;	0,060;	4;	80;	0,69;	0,0;	0;	-6124;	
10000;	0,060;	4;	80;	0,7;	0,0;	0;	-6139;	
10000;	0,060;	4;	80;	0,71;	0,0;	0;	-6155;	
10000;	0,060;	4;	80;	0,72;	0,0;	0;	-6172;	
10000;	0,060;	4;	80;	0,73;	0,0;	0;	-6189;	
10000;	0,060;	4;	80;	0,74;	0,0;	0;	-6205;	
10000;	0,060;	4;	80;	0,75;	0,0;	0;	-6221;	
10000;	0,060;	4;	80;	0,76;	0,0;	0;	-6237;	
10000;	0,060;	4;	80;	0,77;	0,0;	0;	-6254;	
10000;	0,060;	4;	80;	0,78;	0,0;	0;	-6270;	
10000;	0,060;	4;	80;	0,79;	0,0;	0;	-6286;	
10000;	0,060;	4;	80;	0,8;	0,0;	0;	-6302;	
10000;	0,060;	4;	80;	0,81;	0,0;	0;	-6318;	
10000;	0,060;	4;	80;	0,82;	0,0;	0;	-6335;	
10000;	0,060;	4;	80;	0,83;	0,0;	0;	-6351;	
10000;	0,060;	4;	80;	0,84;	0,0;	0;	-6367;	
10000;	0,060;	4;	80;	0,85;	0,0;	0;	-6383;	
10000;	0,060;	4;	80;	0,86;	0,0;	0;	-6399;	
10000;	0,060;	4;	80;	0,870000000000001;	0,0;	0;	-6415;	
10000;	0,060;	4;	80;	0,880000000000001;	0,0;	0;	-6431;	
10000;	0,060;	4;	80;	0,890000000000001;	0,0;	0;	-6446;	
10000;	0,060;	4;	80;	0,900000000000001;	0,0;	0;	-6461;	
10000;	0,060;	4;	80;	0,910000000000001;	0,0;	0;	-6477;	
10000;	0,060;	4;	80;	0,920000000000001;	0,0;	0;	-6493;	
10000;	0,060;	4;	80;	0,930000000000001;	0,0;	0;	-6509;	
10000;	0,060;	4;	80;	0,940000000000001;	0,0;	0;	-6526;	
10000;	0,060;	4;	80;	0,950000000000001;	0,0;	0;	-6543;	
10000;	0,060;	4;	80;	0,960000000000001;	0,0;	0;	-6559;	
10000;	0,060;	4;	80;	0,970000000000001;	0,0;	0;	-6574;	
10000;	0,060;	4;	80;	0,980000000000001;	0,0;	0;	-6590;	
10000;	0,060;	4;	80;	0,990000000000001;	0,0;	0;	-6606;	
10000;	0,070;	4;	80;	0,01;	0,0;	0;	-6624;	
10000;	0,070;	4;	80;	0,02;	0,0;	0;	-6641;	
10000;	0,070;	4;	80;	0,03;	0,0;	0;	-6658;	
10000;	0,070;	4;	80;	0,04;	0,0;	0;	-6675;	
10000;	0,070;	4;	80;	0,05;	0,0;	0;	-6692;	
10000;	0,070;	4;	80;	0,06;	0,0;	0;	-6709;	
10000;	0,070;	4;	80;	0,07;	0,0;	0;	-6726;	
10000;	0,070;	4;	80;	0,08;	0,0;	0;	-6743;	
10000;	0,070;	4;	80;	0,09;	0,0;	0;	-6761;	
10000;	0,070;	4;	80;	0,10;	0,0;	0;	-6779;	
10000;	0,070;	4;	80;	0,11;	0,0;	0;	-6795;	
10000;	0,070;	4;	80;	0,12;	0,0;	0;	-6812;	
10000;	0,070;	4;	80;	0,13;	0,0;	0;	-6829;	
10000;	0,070;	4;	80;	0,14;	0,0;	0;	-6847;	
10000;	0,070;	4;	80;	0,15;	0,0;	0;	-6863;	
10000;	0,070;	4;	80;	0,16;	0,0;	0;	-6880;	
10000;	0,070;	4;	80;	0,17;	0,0;	0;	-6898;	
10000;	0,070;	4;	80;	0,18;	0,0;	0;	-6915;	
10000;	0,070;	4;	80;	0,19;	0,0;	0;	-6933;	
10000;	0,070;	4;	80;	0,2;	0,0;	0;	-6950;	
10000;	0,070;	4;	80;	0,21;	0,0;	0;	-6968;	
10000;	0,070;	4;	80;	0,22;	0,0;	0;	-6986;	
10000;	0,070;	4;	80;	0,23;	0,0;	0;	-7003;	
10000;	0,070;	4;	80;	0,24;	0,0;	0;	-7021;	
10000;	0,070;	4;	80;	0,25;	0,0;	0;	-7038;	
10000;	0,070;	4;	80;	0,26;	0,0;	0;	-7055;	
10000;	0,070;	4;	80;	0,27;	0,0;	0;	-7072;	
10000;	0,070;	4;	80;	0,28;	0,0;	0;	-7090;	
10000;	0,070;	4;	80;	0,29;	0,0;	0;	-7108;	
10000;	0,070;	4;	80;	0,3;	0,0;	0;	-7125;	
10000;	0,070;	4;	80;	0,31;	0,0;	0;	-7142;	
10000;	0,070;	4;	80;	0,32;	0,0;	0;	-7159;	
10000;	0,070;	4;	80;	0,33;	0,0;	0;	-7177;	
10000;	0,070;	4;	80;	0,34;	0,0;	0;	-7195;	
10000;	0,070;	4;	80;	0,35;	0,0;	0;	-7212;	
10000;	0,070;	4;	80;	0,36;	0,0;	0;	-7229;	
10000;	0,070;	4;	80;	0,37;	0,0;	0;	-7247;	
10000;	0,070;	4;	80;	0,38;	0,0;	0;	-7263;	
10000;	0,070;	4;	80;	0,39;	0,0;	0;	-7281;	
10000;	0,070;	4;	80;	0,4;	0,0;	0;	-7298;	
10000;	0,070;	4;	80;	0,41;	0,0;	0;	-7315;	
10000;	0,070;	4;	80;	0,42;	0,0;	0;	-7333;	
10000;	0,070;	4;	80;	0,43;	0,0;	0;	-7350;	
10000;	0,070;	4;	80;	0,44;	0,0;	0;	-7366;	
10000;	0,070;	4;	80;	0,45;	0,0;	0;	-7384;	
10000;	0,070;	4;	80;	0,46;	0,0;	0;	-7401;	
10000;	0,070;	4;	80;	0,47;	0,0;	0;	-7419;	
10000;	0,070;	4;	80;	0,48;	0,0;	0;	-7436;	
10000;	0,070;	4;	80;	0,49;	0,0;	0;	-7454;	
10000;	0,070;	4;	80;	0,5;	0,0;	0;	-7471;	
10000;	0,070;	4;	80;	0,51;	0,0;	0;	-7488;	
10000;	0,070;	4;	80;	0,52;	0,0;	0;	-7505;	
10000;	0,070;	4;	80;	0,53;	0,0;	0;	-7522;	
10000;	0,070;	4;	80;	0,54;	0,0;	0;	-7540;	
10000;	0,070;	4;	80;	0,55;	0,0;	0;	-7557;	
10000;	0,070;	4;	80;	0,56;	0,0;	0;	-7574;	
10000;	0,070;	4;	80;	0,57;	0,0;	0;	-7591;	
10000;	0,070;	4;	80;	0,58;	0,0;	0;	-7609;	
10000;	0,070;	4;	80;	0,59;	0,0;	0;	-7626;	
10000;	0,070;	4;	80;	0,6;	0,0;	0;	-7645;	
10000;	0,070;	4;	80;	0,61;	0,0;	0;	-7662;	
10000;	0,070;	4;	80;	0,62;	0,0;	0;	-7679;	
10000;	0,070;	4;	80;	0,63;	0,0;	0;	-7696;	
10000;	0,070;	4;	80;	0,64;	0,0;	0;	-7713;	
10000;	0,070;	4;	80;	0,65;	0,0;	0;	-7731;	
10000;	0,070;	4;	80;	0,66;	0,0;	0;	-7748;	
10000;	0,070;	4;	80;	0,67;	0,0;	0;	-7766;	
10000;	0,070;	4;	80;	0,68;	0,0;	0;	-7783;	
10000;	0,070;	4;	80;	0,69;	0,0;	0;	-7800;	
10000;	0,070;	4;	80;	0,7;	0,0;	0;	-7817;	
10000;	0,070;	4;	80;	0,71;	0,0;	0;	-7835;	
10000;	0,070;	4;	80;	0,72;	0,0;	0;	-7852;	
10000;	0,070;	4;	80;	0,73;	0,0;	0;	-7869;	
10000;	0,070;	4;	80;	0,74;	0,0;	0;	-7887;	
10000;	0,070;	4;	80;	0,75;	0,0;	0;	-7904;	
10000;	0,070;	4;	80;	0,76;	0,0;	0;	-7920;	
10000;	0,070;	4;	80;	0,77;	0,0;	0;	-7937;	
10000;	0,070;	4;	80;	0,78;	0,0;	0;	-7954;	
10000;	0,070;	4;	80;	0,79;	0,0;	0;	-7971;	
10000;	0,070;	4;	80;	0,8;	0,0;	0;	-7987;	
10000;	0,070;	4;	80;	0,81;	0,0;	0;	-8004;	
10000;	0,070;	4;	80;	0,82;	0,0;	0;	-8021;	
10000;	0,070;	4;	80;	0,83;	0,0;	0;	-8039;	
10000;	0,070;	4;	80;	0,84;	0,0;	0;	-8055;	
10000;	0,070;	4;	80;	0,85;	0,0;	0;	-8073;	
10000;	0,070;	4;	80;	0,86;	0,0;	0;	-8091;	
10000;	0,070;	4;	80;	0,870000000000001;	0,0;	0;	-8109;	
10000;	0,070;	4;	80;	0,880000000000001;	0,0;	0;	-8127;	
10000;	0,070;	4;	80;	0,890000000000001;	0,0;	0;	-8144;	
10000;	0,070;	4;	80;	0,900000000000001;	0,0;	0;	-8161;	
10000;	0,070;	4;	80;	0,910000000000001;	0,0;	0;	-8177;	
10000;	0,070;	4;	80;	0,920000000000001;	0,0;	0;	-8195;	
10000;	0,070;	4;	80;	0,930000000000001;	0,0;	0;	-8212;	
10000;	0,070;	4;	80;	0,940000000000001;	0,0;	0;	-8230;	
10000;	0,070;	4;	80;	0,950000000000001;	0,0;	0;	-8247;	
10000;	0,070;	4;	80;	0,960000000000001;	0,0;	0;	-8263;	
10000;	0,070;	4;	80;	0,970000000000001;	0,0;	0;	-8280;	
10000;	0,070;	4;	80;	0,980000000000001;	0,0;	0;	-8298;	
10000;	0,070;	4;	80;	0,990000000000001;	0,0;	0;	-8316;	
10000;	0,080;	4;	80;	0,01;	0,0;	0;	-8334;	
10000;	0,080;	4;	80;	0,02;	0,0;	0;	-8354;	
10000;	0,080;	4;	80;	0,03;	0,0;	0;	-8372;	
10000;	0,080;	4;	80;	0,04;	0,0;	0;	-8391;	
10000;	0,080;	4;	80;	0,05;	0,0;	0;	-8408;	
10000;	0,080;	4;	80;	0,06;	0,0;	0;	-8426;	
10000;	0,080;	4;	80;	0,07;	0,0;	0;	-8444;	
10000;	0,080;	4;	80;	0,08;	0,0;	0;	-8464;	
10000;	0,080;	4;	80;	0,09;	0,0;	0;	-8482;	
10000;	0,080;	4;	80;	0,10;	0,0;	0;	-8499;	
10000;	0,080;	4;	80;	0,11;	0,0;	0;	-8517;	
10000;	0,080;	4;	80;	0,12;	0,0;	0;	-8535;	
10000;	0,080;	4;	80;	0,13;	0,0;	0;	-8554;	
10000;	0,080;	4;	80;	0,14;	0,0;	0;	-8571;	
10000;	0,080;	4;	80;	0,15;	0,0;	0;	-8589;	
10000;	0,080;	4;	80;	0,16;	0,0;	0;	-8607;	
